-1.051142096519470215e+00
-5.498052239418029785e-01
1.766932457685470581e-01
-6.783029437065124512e-01
1.048428490757942200e-01
-8.810217380523681641e-01
-5.233843922615051270e-01
-9.904815256595611572e-02
-9.208141565322875977e-01
-1.163170337677001953e+00
-5.745010972023010254e-01
1.944990456104278564e-01
-2.941871881484985352e-01
-6.471932530403137207e-01
1.747084408998489380e-01
-4.616456925868988037e-01
-3.585457503795623779e-01
-1.565672874450683594e+00
-1.076779246330261230e+00
2.348425984382629395e-01
8.979975581169128418e-01
-1.052244305610656738e+00
-1.392124295234680176e+00
1.074476074427366257e-02
-3.557327091693878174e-01
2.733986079692840576e-01
-1.306834220886230469e+00
-7.702000737190246582e-01
-3.463675975799560547e-01
2.857746481895446777e-01
-1.184564113616943359e+00
-7.524480223655700684e-01
1.430846843868494034e-02
1.499010175466537476e-01
1.318899542093276978e-01
-6.043351888656616211e-01
-5.148735642433166504e-01
-3.746667876839637756e-02
-1.212733387947082520e+00
-9.057320356369018555e-01
-6.030028462409973145e-01
-1.266069430857896805e-02
-2.155662059783935547e+00
-1.441585779190063477e+00
-1.026664525270462036e-01
2.777673602104187012e-01
-2.847228646278381348e-01
-1.112120270729064941e+00
7.459545135498046875e-01
1.174208760261535645e+00
-1.911197602748870850e-01
1.011646240949630737e-01
7.491244375705718994e-02
-6.633026003837585449e-01
-1.035197734832763672e+00
3.367116153240203857e-01
1.118631601333618164e+00
-9.558968544006347656e-01
-4.315039813518524170e-01
1.068567484617233276e-01
-3.010824322700500488e-02
1.306308656930923462e-01
-6.441480517387390137e-01
-3.370328843593597412e-01
-3.710080683231353760e-01
2.537209726870059967e-02
-6.368059515953063965e-01
-4.606739282608032227e-01
-2.137684345245361328e+00
-7.279601097106933594e-01
-3.468450605869293213e-01
1.159889623522758484e-01
-5.669489502906799316e-01
-4.662634432315826416e-02
-1.207251071929931641e+00
-1.102331399917602539e+00
-7.909092903137207031e-01
-8.495150208473205566e-01
5.042120814323425293e-01
-2.174130976200103760e-01
-2.608416795730590820e+00
1.425996780395507812e+00
5.288149118423461914e-01
1.745404839515686035e+00
6.091734170913696289e-01
1.089220404624938965e+00
2.462519332766532898e-04
1.214567184448242188e+00
4.720384776592254639e-01
-9.098466038703918457e-01
-2.108241558074951172e+00
-3.699657618999481201e-01
-1.494650612585246563e-03
-1.159885287284851074e+00
3.508234322071075439e-01
3.012567758560180664e-04
-4.090861603617668152e-02
-4.543519496917724609e+00
3.386461436748504639e-01
2.909473896026611328e+00
-2.843267619609832764e-01
