1.071157157421112061e-01
1.059891656041145325e-01
-4.061126708984375000e-01
-1.794703751802444458e-01
-2.041630595922470093e-01
-1.893867731094360352e+00
1.125533059239387512e-01
1.027966737747192383e-01
1.119232296943664551e+00
-4.261687099933624268e-01
-4.066295623779296875e-01
-7.375308871269226074e-01
-4.805257171392440796e-02
1.929469779133796692e-02
-1.651024222373962402e+00
3.808119297027587891e-01
4.005823731422424316e-01
-9.922900795936584473e-01
4.001539051532745361e-01
3.925502002239227295e-01
1.869256854057312012e+00
-4.506092071533203125e-01
-1.663064211606979370e-02
2.504563657566905022e-03
3.109279274940490723e-01
-4.109837412834167480e-01
6.403965353965759277e-01
-3.401627540588378906e-01
1.702572256326675415e-01
-1.430483818054199219e+00
9.210003167390823364e-02
3.979320526123046875e-01
1.203186869621276855e+00
2.340517938137054443e-02
-3.538816571235656738e-01
1.948967933654785156e+00
-5.025320053100585938e-01
-4.285716116428375244e-01
7.698285579681396484e-01
-4.279550164937973022e-02
5.239117741584777832e-01
3.368232250213623047e-01
-3.904681503772735596e-01
-7.525136470794677734e-01
1.124515771865844727e+00
2.746590971946716309e-02
-2.570416331291198730e-01
-1.924243211746215820e+00
1.099931672215461731e-01
-7.762635499238967896e-02
9.913725256919860840e-01
-7.081590592861175537e-02
1.751727908849716187e-01
-2.691045999526977539e+00
3.015770949423313141e-02
3.405956625938415527e-01
-1.389819860458374023e+00
3.356437385082244873e-01
3.273493945598602295e-01
-7.254107594490051270e-01
-1.289369910955429077e-02
9.075338840484619141e-01
3.236103057861328125e-01
-5.271527767181396484e-01
2.339602857828140259e-01
-2.753364443778991699e-01
4.451120495796203613e-01
-3.217455744743347168e-01
2.946129143238067627e-01
-3.221796154975891113e-01
3.280430436134338379e-01
-5.049988031387329102e-01
4.186921119689941406e-01
2.760953307151794434e-01
2.518231570720672607e-01
1.795656561851501465e+00
-1.237462684512138367e-01
-4.024884223937988281e+00
-2.127059221267700195e+00
-2.924635112285614014e-01
-5.266603827476501465e-02
