-1.125674843788146973e+00
-3.607718348503112793e-01
1.236482858657836914e-01
-7.810946106910705566e-01
3.629907667636871338e-01
-7.451848983764648438e-01
-4.341127872467041016e-01
-1.219766363501548767e-01
-1.034194827079772949e+00
-1.255318045616149902e+00
-5.268650054931640625e-01
1.944347321987152100e-01
-3.461171388626098633e-01
-6.158394813537597656e-01
2.029201835393905640e-01
-4.616456925868988037e-01
-3.585457503795623779e-01
-1.565672874450683594e+00
-1.012141585350036621e+00
2.398514449596405029e-01
9.305262565612792969e-01
-8.804317712783813477e-01
-1.344046950340270996e+00
7.225117832422256470e-02
-3.557327091693878174e-01
2.733986079692840576e-01
-1.306834220886230469e+00
-7.906081080436706543e-01
-3.380867838859558105e-01
2.580225169658660889e-01
-1.193890690803527832e+00
-7.221611142158508301e-01
6.833054125308990479e-02
1.499010175466537476e-01
1.318899542093276978e-01
-6.043351888656616211e-01
-5.148735642433166504e-01
-3.746667876839637756e-02
-1.212733387947082520e+00
-9.140677452087402344e-01
-6.303281188011169434e-01
2.184470416978001595e-03
-2.214670658111572266e+00
-1.352625846862792969e+00
1.741648092865943909e-02
2.777673602104187012e-01
-2.847228646278381348e-01
-1.112120270729064941e+00
5.417375564575195312e-01
1.202606201171875000e+00
-7.875437289476394653e-02
1.011646240949630737e-01
7.491244375705718994e-02
-6.633026003837585449e-01
-1.080700039863586426e+00
3.018814325332641602e-01
1.078621387481689453e+00
-1.077193975448608398e+00
-2.212042920291423798e-02
1.395437717437744141e-01
-3.010824322700500488e-02
1.306308656930923462e-01
-6.441480517387390137e-01
-3.384312689304351807e-01
-4.450814723968505859e-01
-8.773823268711566925e-03
-6.368059515953063965e-01
-4.606739282608032227e-01
-2.137684345245361328e+00
-8.134251832962036133e-01
-2.949557900428771973e-01
1.122164279222488403e-01
-5.669489502906799316e-01
-4.662634432315826416e-02
-1.207251071929931641e+00
-9.985102415084838867e-01
-8.412615060806274414e-01
-9.252987504005432129e-01
5.128903388977050781e-01
-1.985807120800018311e-01
-2.608416795730590820e+00
1.439661622047424316e+00
3.030104637145996094e-01
1.745404839515686035e+00
5.692977905273437500e-01
9.768695235252380371e-01
2.462519332766532898e-04
1.214567184448242188e+00
3.555321991443634033e-01
-7.526003122329711914e-01
-2.108241558074951172e+00
-2.409183233976364136e-01
-1.494650612585246563e-03
-1.121719598770141602e+00
3.129407167434692383e-01
3.012567758560180664e-04
-4.173561930656433105e-02
-4.543519496917724609e+00
3.202279508113861084e-01
2.909473896026611328e+00
-3.001270890235900879e-01
